This file has indices for 7x6 seg pattern (n_tilings x n_seg)
Centering: False
idim: 8
used segs: 6,6,6,6,6,6,6
       1        0
          18          61          29          37          19          16          62
           1          20           0          51          46          60          55
          32           8          39          47          33           2          11
          45          30          59          10          53          63          21
          38          25          17          34          50          12          24
          42          54          52           3           9          43          41
       2        0
          61           8          41          10          12           2          18
          29          62           3          51          19          16          50
           9          42          55          34          33          52           1
          59          21          17          37          46          54          60
          25          38          45           0          63          32          39
          47          11          24          30          43          20          53